 10 10 22
 13 8 19 16 9 5 7 12 2 18 4 6 14 1 17 3 15 11 20 10 14 13 5 17 12 9 7 16 6 8 3 13 15 2 18 1 10 4 19 11 14 6 9 13 7 5 2 16 8 12 17 3 10 4 15 1 19 11 20 18 6 9 14 7 12 2 5 16 8 10 3 13 17 4 1 15 11 19 18 14 6 9 5 13 7 2 12 16 8 10 3 15 4 1 17 11 20 18 19 14
 13 8 19 16 9 5 7 12 2 18 4 6 14 1 17 3 15 11 20 10 14 13 5 17 12 9 7 16 6 8 3 13 15 2 18 1 10 4 19 11 14 6 9 13 7 5 2 16 8 12 17 3 10 4 15 1 19 11 20 18 6 9 14 7 12 2 5 16 8 10 3 13 17 4 1 15 11 19 18 14 6 9 5 13 7 2 12 16 8 10 3 15 4 1 17 11 20 18 19 14
 13 8 19 16 9 5 7 12 2 18 4 6 14 1 17 3 15 11 20 10 14 13 5 17 12 9 7 16 6 8 3 13 15 2 18 1 10 4 19 11 14 6 9 13 7 5 2 16 8 12 17 3 10 4 15 1 19 11 20 18 6 9 14 7 12 2 5 16 8 10 3 13 17 4 1 15 11 19 18 14 6 9 5 13 7 2 12 16 8 10 3 15 4 1 17 11 20 18 19 14
 13 8 19 16 9 5 7 12 2 18 4 6 14 1 17 3 15 11 20 10 14 13 5 17 12 9 7 16 6 8 3 13 15 2 18 1 10 4 19 11 14 6 9 13 7 5 2 16 8 12 17 3 10 4 15 1 19 11 20 18 6 9 14 7 12 2 5 16 8 10 3 13 17 4 1 15 11 19 18 14 6 9 5 13 7 2 12 16 8 10 3 15 4 1 17 11 20 18 19 14
 13 8 19 16 9 5 7 12 2 18 4 6 14 1 17 3 15 11 20 10 14 13 5 17 12 9 7 16 6 8 3 13 15 2 18 1 10 4 19 11 14 6 9 13 7 5 2 16 8 12 17 3 10 4 15 1 19 11 20 18 6 9 14 7 12 2 5 16 8 10 3 13 17 4 1 15 11 19 18 14 6 9 5 13 7 2 12 16 8 10 3 15 4 1 17 11 20 18 19 14
 13 8 19 16 9 5 7 12 2 18 4 6 14 1 17 3 15 11 20 10 14 13 5 17 12 9 7 16 6 8 3 13 15 2 18 1 10 4 19 11 14 6 9 13 7 5 2 16 8 12 17 3 10 4 15 1 19 11 20 18 6 9 14 7 12 2 5 16 8 10 3 13 17 4 1 15 11 19 18 14 6 9 5 13 7 2 12 16 8 10 3 15 4 1 17 11 20 18 19 14
 13 8 19 16 9 5 7 12 2 18 4 6 14 1 17 3 15 11 20 10 14 13 5 17 12 9 7 16 6 8 3 13 15 2 18 1 10 4 19 11 14 6 9 13 7 5 2 16 8 12 17 3 10 4 15 1 19 11 20 18 6 9 14 7 12 2 5 16 8 10 3 13 17 4 1 15 11 19 18 14 6 9 5 13 7 2 12 16 8 10 3 15 4 1 17 11 20 18 19 14
 13 8 19 16 9 5 7 12 2 18 4 6 14 1 17 3 15 11 20 10 14 13 5 17 12 9 7 16 6 8 3 13 15 2 18 1 10 4 19 11 14 6 9 13 7 5 2 16 8 12 17 3 10 4 15 1 19 11 20 18 6 9 14 7 12 2 5 16 8 10 3 13 17 4 1 15 11 19 18 14 6 9 5 13 7 2 12 16 8 10 3 15 4 1 17 11 20 18 19 14
 13 8 19 16 9 5 7 12 2 18 4 6 14 1 17 3 15 11 20 10 14 13 5 17 12 9 7 16 6 8 3 13 15 2 18 1 10 4 19 11 14 6 9 13 7 5 2 16 8 12 17 3 10 4 15 1 19 11 20 18 6 9 14 7 12 2 5 16 8 10 3 13 17 4 1 15 11 19 18 14 6 9 5 13 7 2 12 16 8 10 3 15 4 1 17 11 20 18 19 14
 13 8 19 16 9 5 7 12 2 18 4 6 14 1 17 3 15 11 20 10 14 13 5 17 12 9 7 16 6 8 3 13 15 2 18 1 10 4 19 11 14 6 9 13 7 5 2 16 8 12 17 3 10 4 15 1 19 11 20 18 6 9 14 7 12 2 5 16 8 10 3 13 17 4 1 15 11 19 18 14 6 9 5 13 7 2 12 16 8 10 3 15 4 1 17 11 20 18 19 14
 13 8 19 16 9 5 7 12 2 18 4 6 14 1 17 3 15 11 20 10 14 13 5 17 12 9 7 16 6 8 3 13 15 2 18 1 10 4 19 11 14 6 9 13 7 5 2 16 8 12 17 3 10 4 15 1 19 11 20 18 6 9 14 7 12 2 5 16 8 10 3 13 17 4 1 15 11 19 18 14 6 9 5 13 7 2 12 16 8 10 3 15 4 1 17 11 20 18 19 14
 15000 16000 17000 18000 19000 20000 21000 22000 23000 24000
 2100 2200 2300 2400 2500 2600 2700 2800 2900 3000 3100 3200 3300 3400 3500 3600 3700 3800 3900 4000 4100 4200